L:17
S:0,-2
0,0,-2
0,-0.5,-2
0,0.5,-2
0,0.5,-1.5
0,-0.5,-1.5
0,0,-1.5
0,-0.5,-1
0,0.5,-1
0,0.5,-0.5
0,-0.5,-0.5
0,0,-0.5
0,0,1
0,-0.5,1
0,0.5,1
0,0.5,1.5
0,-0.5,1.5
0,0,2
0,-0.5,2
0,0.5,2
1,0,1.5
2,0,-0.75,straight,Bridge01,END
4,0,-1,forward,Bridge01,END
L:18
S:-0.5,-1.5
0,-0.5,-1.5
0,-1,-1.5
0,-1.5,-1.5
0,-1.5,-1
0,-1,-1
0,-0.5,-1
0,-0.5,-0.5
0,-1.5,-0.5
0,-1,1
0,-1.5,1
0,-2,1
0,-0.5,1
0,-0.5,1.5
0,-2,1.5
0,-1.5,1.5
0,-1,1.5
0,-1,2
0,-1.5,2
0,-2,2
0,-0.5,2
0,0,-1
0,0.5,-1
0,1,-1
0,1,-0.5
0,1.5,-1
0,1.5,-0.5
0,1.5,0
0,1,0
1,2,0
2,-1,-0.75,straight,Bridge01,END
4,-1,-0.5,forward,Bridge01,END
L:19
S:-0.5,-1.5
0,-0.5,-1.5
0,-1,-1.5
0,-1,-2
0,-0.5,-2
0,-0.5,-2.5
0,-1,-2.5
0,0,-2
0,0,-1.5
0,0.5,-1.5
0,0.5,-2
0,1,-2
0,1,-1.5
0,-0.5,-1
0,-0.5,-0.5
0,-0.5,0
0,-0.5,0.5
0,0,0.5
0,-0.5,1
0,0,1.5
0,-0.5,1.5
0,-0.5,2
0,0,2
0,-1,1.5
0,-1,1
1,1,-1
2,-0.75,-2.5,horizontal,Bridge01,END
4,0,1,right,Bridge01,END
L:20
S:0.5,0.5
0,0.5,0.5
0,1,0.5
0,1.5,0.5
0,2,0.5
0,2,1
0,1.5,1
0,0.5,1
0,0.5,1.5
0,1,1.5
0,1.5,1.5
0,2,1.5
0,2,2
0,1.5,2
0,1,2
0,0.5,2
0,0.5,2.5
0,1,2.5
0,1.5,2.5
0,0.5,0
0,1,0
0,-1,1
0,-1,1.5
0,-1,0.5
0,-1.5,0.5
0,-1.5,1.5
0,-2,1
0,-2,1.5
0,-2,0.5
0,0.5,-1.5
0,1.5,-1.5
0,1.5,-2
0,1,-2
0,0.5,-2
0,1,-2.5
1,1,-1.5
2,0.75,1,horizontal,Bridge01,END
2,1,0.25,straight,Bridge02,END
4,1,1,left,Bridge01,END
4,-1.5,1,back,Bridge02,END
L:21
S:-1.5,0.5
0,-1.5,0.5
0,-2,0.5
0,-1,0.5
0,-2,1
0,-1.5,1
0,-1.5,0
0,-2,0
0,-1,0
0,-2,-0.5
0,-1.5,-0.5
0,-1.5,-1
0,-2,-1
0,-1,-1
0,-1,-1.5
0,-1.5,-1.5
0,-1.5,-2
0,-1,-2.5
0,-1.5,1.5
0,-2,1.5
0,-2,1.5
0,-1.5,1.5
0,-1.5,2
0,-2,2
0,0.5,1
0,0.5,1.5
0,1,1.5
0,1.5,1.5
0,1.5,2
0,1,2
0,0.5,2
0,0.5,2.5
0,1,2.5
0,1.5,2.5
0,0.5,3
0,1,3
0,1.5,3
0,1,0
0,1.5,0
0,2,0
0,2,-0.5
0,1.5,-0.5
0,1.5,-1
0,2,-1
1,1.5,-1.5
2,-1.25,1,horizontal,Bridge01,END
2,1.5,1.75,straight,Bridge02,END
2,1,1.75,straight,Bridge03,END
4,-1,1,right,Bridge01,END
4,-1,-0.5,back,Bridge02,END
4,-1,-2,back,Bridge03,END
L:22
S:-1.5,-2
0,-1.5,-2
0,-1.5,-1.5
0,-2,-1.5
0,-1,-1.5
0,-1,-1
0,-2,-1
0,-1.5,-1
0,-2,-0.5
0,-1,-0.5
0,-1.5,1
0,-2,1.5
0,-2,2
0,-1.5,1.5
0,-1,1.5
0,-0.5,1.5
0,0.5,-1
0,1,-1
0,1,-0.5
0,0.5,-0.5
0,0.5,0
0,1,0.5
0,0.5,0.5
0,1.5,0.5
0,2,1
0,1.5,1
0,1,1
0,1,1.5
0,1.5,1.5
0,2,1.5
0,1.5,0
0,1.5,-0.5
0,1.5,-1
0,1,0
1,-1.5,2
2,-1.25,-1,horizontal,Bridge01,END
2,-1.5,-0.75,straight,Bridge02,END
4,-1.5,-0.5,right,Bridge01,END
4,2,0.5,forward,Bridge02,END
L:23
S:-1.5,-1.5
0,-2,-2
0,-2.5,-2
0,-1.5,-2
0,-1.5,-2.5
0,-2.5,-2.5
0,-2,-2.5
0,-2,-1.5
0,-2.5,-1.5
0,-1.5,-1.5
0,-1.5,-1
0,-2.5,-1
0,-2,-1
0,-2.5,-0.5
0,-1.5,-0.5
0,-1,-0.5
0,-0.5,-0.5
0,0.5,-0.5
0,1,-0.5
0,0.5,-0.5
0,0.5,0
0,1,0
0,1,0.5
0,0.5,0.5
0,1,-1
0,1,-1.5
0,1,-2
0,1.5,-2
0,2,-2
0,1.5,-2.5
0,1,-2.5
0,1,-3
0,2,-2.5
0,2,-3
0,-2,2
0,-2.5,2
0,-1.5,2
0,-1.5,2.5
0,-1.5,3
0,-2,3
0,-2.5,3
0,-2.5,2.5
0,0,-2.5
0,-0.5,-2.5
0,-1,-2.5
0,0,-0.5
0,0.5,-2.5
1,-2,2.5
2,-2,-0.75,straight,Bridge01,END
2,-2,2.25,straight,Bridge02,END
4,1.5,-3,forward,Bridge01,END
4,-2,-0.5,back,Bridge02,END
L:24
S:-2,-2
0,-2,-2
0,-2.5,-2
0,-2.5,-1.5
0,-1.5,-1.5
0,-1.5,-1
0,-2,-1
0,-2.5,-1
0,-2.5,-0.5
0,-2,-0.5
0,-1.5,-0.5
0,-1,-1
0,-1,-1.5
0,-0.5,-1.5
0,-0.5,-1
0,0,-0.5
0,0.5,-0.5
0,0.5,1
0,0,1.5
0,0,2
0,0,2.5
0,-0.5,2.5
0,-0.5,2
0,-0.5,1.5
0,0.5,2.5
0,0.5,2
0,0.5,1.5
0,1,1.5
0,1,2
0,1,2.5
0,1.5,2.5
0,1.5,2
0,1.5,1.5
0,2,1.5
0,2,2
0,2,2.5
0,2.5,2.5
0,2.5,2
0,2,0
0,2.5,0
0,2.5,1.5
0,2,-0.5
0,2,-1.5
0,2,-2
0,1.5,-2
0,1,-2
0,1,-2.5
0,1.5,-2.5
0,2,-2.5
0,2,-3
0,1.5,-3
0,1,-3
1,2,-1
2,-1.75,-0.5,horizontal,Bridge01,END
2,0.5,-0.75,straight,Bridge02,END
2,2.25,0,horizontal,Bridge03,END
4,-2,-1.5,right,Bridge01,END
4,0,-1,forward,Bridge02,END
4,0.5,-1,left,Bridge03,END
L:25
S:0,-2
0,0,-2
0,0,-1.5
0,0.5,-1.5
0,0.5,-2
0,1,-2
0,1,-1.5
0,1.5,-1.5
0,1.5,-2
0,2,-2
0,2,-1.5
0,2,-2.5
0,1.5,-2.5
0,1,-2.5
0,-0.5,-2
0,-0.5,-1.5
0,-0.5,-2.5
0,-1,-2.5
0,-1,-2
0,-1.5,-2
0,-1.5,-2.5
0,-2,-2.5
0,-2,-2
0,0,-1
0,-0.5,-1
0,0,-0.5
0,0,0
0,0,0.5
0,0,1
0,0,1.5
0,-0.5,1.5
0,-0.5,1
1,0.5,0
2,-0.5,-1.25,straight,Bridge01,END
4,-0.5,2,forward,Bridge01,END
L:26
S:-1.5,-1.5
0,-1.5,-1.5
0,-1,-1.5
0,-0.5,-1.5
0,0,-1.5
0,0.5,-1.5
0,-0.5,-1
0,0,-1
0,0.5,-1
0,0.5,0.5
0,0,0.5
0,1,0.5
0,1,1
0,0,1
0,0.5,1
0,0.5,1.5
0,0,1.5
0,1,1.5
0,1.5,1.5
0,1.5,1
0,-0.5,0.5
0,-1,0.5
0,-1.5,0.5
0,-1,-1
1,-1.5,1
2,-1.5,-1.25,straight,Bridge01,END
2,0.5,-1.25,straight,Bridge02,END
4,-1.5,-1,forward,Bridge01,END
4,-1.5,1.5,forward,Bridge02,END
L:27
S:-1,-1.5
0,-1,-1.5
0,-1,-1
0,-1,-2
0,-1.5,-2
0,-1.5,-1.5
0,-2,-2
0,-2,-2.5
0,-0.5,-1.5
0,0,-1.5
0,0.5,-1.5
0,0.5,-1
0,0.5,-2
0,1,-2
0,1,-1
0,1,-1.5
0,1.5,-1.5
0,1.5,-1
0,1.5,-2
0,2,-2
0,2,-1.5
0,1,-0.5
0,1,0
0,1,0.5
0,1,1
0,0.5,1
0,0.5,0.5
0,0,0.5
0,0,1
0,0,1.5
0,0,2
0,0,2.5
0,0,3
0,-0.5,3
0,-0.5,2.5
0,-0.5,2
0,-1,2
0,-1,3
0,-1.5,2
0,-1.5,1.5
0,-1.5,1
0,-1.5,0.5
0,-1.5,0
0,-1.5,-0.5
0,1,-4
0,1.5,-4
0,1.5,-3.5
0,0.5,-3.5
0,0.5,-4
1,1,-3.5
2,1,-1.75,straight,Bridge01,END
2,-2,-2.25,straight,Bridge02,END
4,-1.5,-1,back,Bridge01,END
4,-1,2.5,forward,Bridge02,END
L:28
S:-1.5,0
0,-1.5,0
0,-1.5,-0.5
0,-1.5,0.5
0,-1,0.5
0,-1,-0.5
0,-0.5,0.5
0,-0.5,-0.5
0,-0.5,0
0,-0.5,-1
0,-1,-1
0,0,0
0,0.5,0
0,1,0
0,1.5,0
0,1.5,-0.5
0,1,-1
0,1,-1.5
0,1,-2
0,1,-2.5
0,1,-3
0,0.5,-2.5
0,0,-2.5
0,-0.5,-2.5
0,-0.5,-3
0,-0.5,-3.5
0,-1,-3.5
0,-1,-2.5
0,-1.5,-3.5
0,-1.5,-3
0,-1.5,-2.5
0,-2,-3
0,-2,-3.5
0,1,1.5
0,1.5,1.5
0,2,1.5
0,0.5,1.5
0,0.5,2
0,2,2
0,1.5,2
0,1,2
0,1,2.5
0,1.5,2.5
1,1,-0.5
2,1,-0.25,straight,Bridge01,END
2,-0.75,-0.5,horizontal,Bridge02,END
4,-1,0,forward,Bridge01,END
4,-1,-3,right,Bridge02,END
L:29
S:-1,-3
0,-1,-3
0,-1.5,-3
0,-0.5,-3
0,-0.5,-2.5
0,-1.5,-2.5
0,-1,-2.5
0,0,-2.5
0,0,-3
0,0.5,-3
0,0.5,-2.5
0,1,-2.5
0,-1,-2
0,-1.5,-2
0,-1.5,-1.5
0,-1,-1.5
0,-1,-1
0,-1.5,-1
0,-0.5,-3.5
0,-0.5,-1
0,0,-1
0,0,-0.5
0,-0.5,-0.5
0,-0.5,0
0,0,0
0,0,0.5
0,-0.5,0.5
0,-1,0.5
0,-1.5,2.5
0,-1,2.5
0,-0.5,2.5
0,-0.5,2
0,-1.5,2
0,0.5,-1
0,1.5,-1.5
0,1.5,-2
0,2,-2
0,2,-1.5
0,1,-1
1,-1,-3.5
2,-1,2.25,straight,Bridge01,END
2,1,-2.75,straight,Bridge02,END
2,0.5,-2.75,straight,Bridge03,END
4,-2,-1,back,Bridge01,END
4,-1,2,forward,Bridge02,END
4,1,-3,forward,Bridge03,END
L:30
S:-2,0
0,-2,0
0,-2.5,0
0,-2.5,0.5
0,-2,0.5
0,-2,-0.5
0,-2.5,-0.5
0,-2.5,-1
0,-2,-1
0,-1.5,0
0,-1,0
0,-0.5,0
0,0,0
0,0,0.5
0,-0.5,0.5
0,-0.5,-0.5
0,0,-0.5
0,0,1
0,-0.5,1
0,0.5,1
0,0.5,1.5
0,0.5,2
0,0,2
0,0,1.5
0,-0.5,-1
0,-0.5,-1.5
0,-0.5,-2
0,-0.5,-2.5
0,-0.5,-3
0,-1,-3
0,-1,-2.5
0,-1.5,-2.5
0,-1.5,-3
0,-2,-3
0,-2,-2.5
0,-2.5,-2.5
0,-2.5,-3
0,-2,-2
0,-2,-1.5
0,1.5,-0.5
0,1.5,0
0,1.5,-1
0,2,-1
0,2,0
0,2.5,0
0,2.5,-1
0,2.5,-0.5
1,2,-0.5
2,1.76,-0.5,horizontal,Bridge01,END
4,-2.5,1,left,Bridge01,END
L:31
S:0.5,3
0,0.5,3
0,0.5,3.5
0,0.5,2.5
0,0,2.5
0,0,3.5
0,0,3
0,1,3
0,1,3.5
0,1,2.5
0,1.5,2.5
0,1.5,3.5
0,1.5,3
0,0,2
0,0.5,2
0,0.5,1.5
0,0,1.5
0,0,1
0,-1.5,1
0,-1.5,0.5
0,-1,0.5
0,-1,0
0,-1.5,0
0,-1,-0.5
0,-1.5,-1
0,-1,-1
0,-0.5,-1.5
0,-1,-1.5
0,-1,-2
0,-0.5,-2
0,1,-1
0,1,-0.5
0,1.5,-0.5
0,1.5,-1.5
0,1,-1.5
0,1,-2
0,1.5,-2
0,2,-2
0,2,-2.5
0,2,-3
0,2,-3.5
0,1.5,-3.5
0,1,-3.5
0,0.5,-3.5
0,0,-3.5
0,0,-4.5
0,0.5,-4.5
0,1,-3.5
0,1.5,-3.5
0,0.5,-4
0,-0.5,-4
0,-0.5,-3.5
0,-1.5,-1.5
0,-0.5,-4.5
0,-1,-4.5
0,-1,-4
0,-2,-1
0,-2,-0.5
1,1.5,-1
2,0.25,1,horizontal,Bridge01,END
2,-0.75,-1.5,horizontal,Bridge02,END
2,-0.75,-2,horizontal,Bridge03,END
4,0.5,1,left,Bridge01,END
4,-1.5,-0.5,right,Bridge02,END
4,0,-4,right,Bridge03,END
L:32
S:0,-3
0,0,-3
0,0,-2.5
0,0,-2
0,-0.5,-2
0,-0.5,-2.5
0,-1,-2.5
0,-1,-2
0,-1,-1.5
0,-1.5,-1.5
0,-1.5,-2
0,-1.5,-2.5
0,-2,-2.5
0,-2,-2
0,-2,-1.5
0,0.5,-2
0,0.5,-2.5
0,1,-2
0,1,-1.5
0,0.5,-1.5
0,0.5,-1
0,1,-1
0,1,-0.5
0,0.5,-0.5
0,0.5,0
0,1,0
0,1,0.5
0,0.5,0.5
0,2,1
0,1.5,1
0,-1,0.5
0,-1,1
0,-1,1
0,-1,0.5
0,-1.5,0.5
0,-0.5,2
0,-1.5,1
0,-2,1
0,-2,0.5
0,-0.5,2.5
0,-0.5,3
0,0,3
0,0,2.5
0,0.5,2.5
0,0.5,3
1,1,-3.5
2,0.75,0.5,horizontal,Bridge01,END
2,-0.5,2.25,straight,Bridge02,END
2,1,-1.75,straight,Bridge03,END
4,1.5,0.5,left,Bridge01,END
4,2,0.5,back,Bridge02,END
4,-2,1.5,back,Bridge03,END
L:END